0 30 0
58.5715 27.1831 -15.6942
116.78 18.0659 -31.2911
-173.867 2.01156e-06 46.5874
-116.78 18.0659 31.2911
-58.5715 27.1831 15.6942
58.5715 27.1831 15.6942
116.78 36.1318 0
-173.867 -40.3459 23.2937
-116.78 -18.0659 31.2911
-58.5715 1.37203e-06 31.3884
-3.55887e-06 15 25.9808
116.78 18.0659 31.2911
-173.867 -40.3459 -23.2937
-116.78 -36.1318 0
-58.5715 -27.1831 15.6942
9.78799e-06 -15 25.9808
58.5715 -2.36976e-06 31.3884
-173.867 2.01156e-06 -46.5874
-116.78 -18.0659 -31.2911
-58.5715 -27.1831 -15.6942
9.78799e-06 -30 0
58.5715 -27.1831 15.6942
116.78 -18.0659 31.2911
-116.78 18.0659 -31.2911
-58.5715 1.37203e-06 -31.3884
9.78799e-06 -15 -25.9808
58.5715 -27.1831 -15.6942
116.78 -36.1318 0
-173.867 40.3459 -23.2937
-58.5715 27.1831 -15.6942
-3.55887e-06 15 -25.9808
58.5715 -2.36976e-06 -31.3884
116.78 -18.0659 -31.2911
-173.867 40.3459 23.2937
-116.78 36.1318 0
0 60 0
54.2179 54.2179 -31.3027
107.07 35.69 -61.8169
-155.885 3.82733e-06 90
-107.07 35.69 61.8169
-54.2179 54.2179 31.3027
31.3791 58.0929 18.1167
85.0167 65.139 -14.6552
136.047 59.1875 -54.5774
-128.453 -23.1282 74.1625
-76.8258 14.3619 63.8352
-22.9837 40.9821 44.4437
62.5263 52.2493 36.0996
114.99 73.228 5.94455
-148.802 -77.8883 36.9158
-99.0613 -39.5153 57.1931
-45.8789 -5.00416 61.6439
8.41716 25.7233 54.2733
93.1498 42.0758 53.7801
143.48 77.5892 31.2875
-120.723 -74.4148 10.5093
-68.5855 -50.6128 39.5979
-14.5765 -22.5072 55.8151
39.7582 8.58298 60.7749
122.807 26.8172 70.9025
-141.505 -64.0765 -52.4124
-90.9768 -66.9704 -10.9453
-37.5149 -57.2651 21.6592
16.8301 -38.1422 46.6305
70.7979 -10.4131 63.7143
150.723 5.16606 87.0198
-112.877 -40.1196 -60.8505
-60.3034 -56.555 -28.3238
-6.16204 -59.927 3.55766
48.116 -51.7924 34.1475
101.215 -31.3435 62.5847
-134.027 19.1827 -77.3803
-82.8273 -18.3858 -63.7955
-29.131 -43.7445 -42.1302
25.2346 -58.7699 -14.5692
79.0257 -63.1997 18.2141
130.502 -54.3938 56.478
-104.932 36.7531 -60.5827
-51.9863 1.35397 -62.3737
2.25554 -28.8673 -52.6042
56.4474 -53.7202 -32.5899
109.201 -71.8999 -1.56076
-154.01 77.9702 -42.7873
-74.6223 48.8066 -43.0832
-20.732 19.2195 -57.2284
33.6261 -12.0907 -59.7697
87.202 -44.4422 -50.3461
138.055 -77.0894 -25.8896
-126.394 75.451 -15.2628
-43.64 56.2847 -25.1956
10.672 35.2264 -48.691
64.7465 6.5384 -63.438
117.095 -30.2631 -67.6051
-146.867 69.0636 49.9654
-96.9021 68.6888 7.07959
-12.3224 59.7078 -7.11436
41.9999 49.2812 -36.8603
95.318 27.0782 -63.1628
145.44 -10.0053 -83.97
-118.632 44.6344 59.6751
-66.3701 58.8007 25.2082
0 90 0
46.7238 80.9279 -46.7238
90.7287 52.3822 -90.7287
-127.279 5.49569e-06 127.279
-90.7287 52.3822 90.7287
-46.7238 80.9279 46.7238
23.5131 87.7519 23.5131
69.282 94.641 -25.359
110.402 80.8197 -80.8197
-110.402 -29.5821 110.402
-69.282 25.359 94.641
-23.5131 64.2389 64.2389
46.7238 80.9279 46.7238
90.7287 104.764 0
-127.279 -110.227 63.6396
-90.7287 -52.3822 90.7287
-46.7238 4.08472e-06 93.4475
-2.86079e-06 45 77.9423
69.282 69.282 69.282
110.402 110.402 29.5821
-110.402 -110.402 29.5821
-69.282 -69.282 69.282
-23.513 -23.5131 87.7519
23.5131 23.5131 87.7519
90.7287 52.3822 90.7287
-127.279 -110.227 -63.6396
-90.7287 -104.764 0
-46.7238 -80.9279 46.7238
7.86805e-06 -45 77.9423
46.7238 -7.05509e-06 93.4475
110.402 29.5821 110.402
-110.402 -80.8197 -80.8197
-69.282 -94.641 -25.359
-23.5131 -87.7519 23.5131
23.5131 -64.2389 64.2389
69.282 -25.359 94.641
-127.279 5.49569e-06 -127.279
-90.7287 -52.3822 -90.7287
-46.7238 -80.9279 -46.7238
7.86805e-06 -90 0
46.7238 -80.9279 46.7238
90.7287 -52.3822 90.7287
-110.402 29.5821 -110.402
-69.282 -25.359 -94.641
-23.5131 -64.2389 -64.2389
23.5131 -87.7519 -23.5131
69.282 -94.641 25.359
110.402 -80.8197 80.8197
-90.7287 52.3822 -90.7287
-46.7238 4.08472e-06 -93.4475
7.86805e-06 -45 -77.9423
46.7238 -80.9279 -46.7238
90.7287 -104.764 0
-127.279 110.227 -63.6396
-69.282 69.282 -69.282
-23.5131 23.5131 -87.7519
23.5131 -23.5131 -87.7519
69.282 -69.282 -69.282
110.402 -110.402 -29.5821
-110.402 110.402 -29.5821
-46.7238 80.9279 -46.7238
-2.86079e-06 45 -77.9423
46.7238 -7.05509e-06 -93.4475
90.7287 -52.3822 -90.7287
-127.279 110.227 63.6396
-90.7287 104.764 0
-23.5131 87.7519 -23.5131
23.513 64.2389 -64.2389
69.282 25.359 -94.641
110.402 -29.5821 -110.402
-110.402 80.8197 80.8197
-69.282 94.641 25.359
0 120 0
35.69 107.07 -61.8169
67.5494 67.5494 -116.999
-90 6.62912e-06 155.885
-67.5494 67.5494 116.999
-35.69 107.07 61.8169
20.8328 115.705 36.0834
54.8452 126.066 -28.3627
82.1543 107.224 -98.8728
-78.6223 -42.4681 136.178
-49.8831 27.9756 124.345
-15.2886 81.7829 88.6909
40.9792 102.731 70.9781
71.82 137.209 11.1385
-87.4655 -137.347 65.0969
-63.0614 -75.4651 109.226
-30.3123 -9.91879 122.185
5.60979 51.4314 108.515
59.6525 80.8351 103.321
85.3546 138.471 55.8379
-74.7932 -138.309 19.5328
-44.7859 -99.1496 77.5714
-9.70907 -44.9744 111.531
26.3283 17.0512 120.737
75.8465 49.6876 131.37
-84.5317 -114.833 -93.9297
-58.3807 -128.927 -21.0711
-24.8613 -113.85 43.0611
11.2068 -76.1942 93.1507
46.1639 -20.3697 124.635
88.1855 9.06773 152.742
-70.6985 -75.3843 -114.337
-39.5716 -111.336 -55.7589
-4.10737 -119.835 7.11418
31.7611 -102.564 67.6217
64.2838 -59.7207 119.246
-81.2389 34.8823 -140.71
-53.5299 -35.6474 -123.69
-19.3514 -87.1773 -83.9601
16.7782 -117.226 -29.0606
51.2267 -122.904 35.4208
79.5992 -99.5318 103.346
-66.3671 69.7364 -114.951
-34.2571 2.67669 -123.306
1.50368 -57.7334 -105.206
37.1166 -105.97 -64.2878
68.7161 -135.731 -2.9464
-89.3625 135.724 -74.4804
-48.5298 95.2225 -84.0561
-13.7964 38.37 -114.251
22.3107 -24.0663 -118.97
56.1493 -85.8489 -97.2535
83.0459 -139.117 -46.7211
-77.624 139.013 -28.1206
-28.8583 111.66 -49.984
7.11129 70.4194 -97.3358
42.3794 12.839 -124.569
72.9241 -56.5412 -126.308
-86.7168 122.335 88.5055
-61.8251 131.474 13.5507
-8.20973 119.34 -14.2197
27.7907 97.826 -73.1696
60.9116 51.9119 -121.09
86.1511 -17.7797 -149.218
-73.7208 83.2109 111.251
-43.3995 115.349 49.451
0 150 0
20.462 132.268 -76.3652
37.3265 80.4275 -139.305
-46.5874 7.50725e-06 173.867
-37.3265 80.4275 139.305
-20.462 132.268 76.3652
20.462 132.268 76.3651
37.3265 160.855 -1.91754e-05
46.5874 150.573 -86.9333
-37.3265 -80.4275 139.305
-20.462 2.48829e-05 152.73
-6.06888e-06 75 129.904
37.3265 80.4275 139.305
46.5874 150.573 86.9333
-37.3265 -160.855 3.83508e-05
-20.462 -132.268 76.3652
-6.06888e-06 -75 129.904
20.462 2.48829e-05 152.73
46.5874 3.39055e-05 173.867
-37.3265 -80.4275 -139.305
-20.462 -132.268 -76.3651
-6.06888e-06 -150 3.57628e-05
20.462 -132.268 76.3652
37.3265 -80.4275 139.305
-37.3265 80.4275 -139.305
-20.462 -6.61514e-05 -152.73
-1.56515e-05 -75.0001 -129.904
20.462 -132.268 -76.3651
37.3265 -160.855 7.67016e-05
46.5874 -150.573 86.9334
-20.462 132.268 -76.3652
-2.04428e-05 74.9999 -129.904
20.462 -8.43583e-05 -152.73
37.3265 -80.4276 -139.304
46.5874 -150.573 -86.9332
-37.3266 160.855 -7.67017e-05
-1.56515e-05 150 -5.84122e-05
20.462 132.268 -76.3652
37.3265 80.4274 -139.305
46.5874 -7.53243e-05 -173.867
-37.3265 80.4276 139.304
-20.462 132.268 76.3651
